15 30
6 65 37 37 6 83 10 23 35 59 81 48 68 81 14
20 0 91 38 91 18 40 62 93 22 26 8 46 19 71
85 56 49 46 58 96 4 1 0 45 61 56 50 22 98
12 78 16 79 2 57 97 58 57 85 61 2 53 44 68
41 17 19 14 64 80 73 22 14 2 88 2 10 80 63
74 89 30 11 47 98 82 59 43 39 82 35 51 5 53
64 98 54 19 21 3 98 91 0 4 72 76 96 32 18
4 39 33 5 34 25 6 9 32 19 11 52 54 37 0
27 13 7 14 53 34 83 34 22 8 9 8 77 16 73
64 29 99 94 70 22 49 73 7 51 3 38 94 13 66
75 48 44 87 54 35 41 86 21 62 6 84 58 68 2
62 29 2 50 14 71 92 37 93 9 28 65 29 0 17
80 49 16 50 50 11 1 80 97 63 55 21 86 68 59
89 16 99 53 12 66 90 24 8 98 23 30 85 72 69
32 26 31 27 44 18 10 14 7 76 9 13 97 23 59
100 82 29 55 66 54 21 25 55 82 4 4 8 14 19
63 57 74 11 99 60 58 44 100 3 85 22 90 95 18
4 67 87 75 38 37 22 29 40 42 42 19 80 12 64
32 22 60 81 54 29 36 98 52 65 59 63 36 50 32
29 97 14 8 1 33 90 6 53 61 17 38 96 48 26
69 19 49 56 45 82 65 24 28 27 82 6 64 2 62
45 96 19 14 97 67 67 53 75 59 56 14 1 27 24
37 51 49 45 27 60 89 99 29 51 41 57 41 27 76
98 42 14 1 30 64 55 41 99 84 56 1 61 89 61
64 68 22 28 17 12 41 28 93 63 50 21 14 34 34
57 20 35 67 68 36 58 77 93 68 2 19 90 18 49
92 0 65 97 43 34 2 46 38 95 47 82 47 17 72
85 47 41 44 78 13 61 42 94 19 20 65 17 70 27
90 71 81 26 1 20 31 63 93 5 90 62 77 8 96
95 98 32 61 57 97 57 28 70 73 18 85 78 49 8
